0000003
0008150	
0000228
0005694	
0000229
0005694	
0000278
0007049	
0000902
0008150	
0002376
0008150	
0003013
0008150	
0003677
0003674	
0003700
0003674	
0003723
0003674	
0003729
0003723	
0003735
0005198	
0003924
0003674	
0004386
0016887	
0004518
0003674	
0005198
0003674	
0005576
0005575	
0005615
0005575	
0005618
0030312	
0005622
0005575	
0005634
0043226	
0005635
0005575	
0005654
0005575	
0005694
0043226	
0005730
0043226	
0005737
0005575	
0005739
0043226	
0005764
0005773	
0005768
0031410	
0005773
0043226	
0005777
0043226	
0005783
0043226	
0005794
0043226	
0005811
0043226	
0005815
0005575	
0005829
0005575	
0005840
0043226	
0005856
0043226	
0005886
0005575	
0005929
0043226	
0005975
0008150	
0006091
0008150	
0006259
0034641	
0006397
0034641	
0006399
0034641	
0006412
0009058	0034641	
0006457
0008150	
0006464
0008150	
0006520
0044281	
0006605
0015031	
0006629
0008150	
0006790
0008150	
0006810
0008150	
0006913
0006810	
0006914
0009056	
0006950
0008150	
0007005
0008150	
0007009
0061024	
0007010
0008150	
0007034
0006810	
0007049
0008150	
0007059
0008150	
0007155
0008150	
0007165
0008150	
0007267
0008150	
0007568
0008150	
0008092
0003674	
0008134
0003674	
0008135
0003723	
0008168
0003674	
0008219
0008150	
0008233
0003674	
0008283
0008150	
0008289
0003674	
0009056
0008150	
0009058
0008150	
0009536
0043226	
0009579
0005622	
0009790
0048856	
0015031
0006810	
0015979
0008150	
0016192
0006810	
0016301
0003674	
0016491
0003674	
0016746
0003674	
0016757
0003674	
0016765
0003674	
0016779
0003674	
0016791
0003674	
0016798
0003674	
0016810
0003674	
0016829
0003674	
0016853
0003674	
0016874
0003674	
0016887
0003674	
0019748
0008150	
0019843
0003723	
0019899
0003674	
0021700
0008150	
0022607
0008150	
0022618
0065003	
0022857
0003674	
0030154
0008150	
0030198
0008150	
0030234
0003674	
0030312
0005575	
0030533
0003729	
0030555
0003723	
0030674
0003674	
0030705
0006810	
0031012
0030312	
0031410
0043226	
0032182
0003674	
0032196
0008150	
0032991
0005575	
0034330
0008150	
0034641
0008150	
0034655
0009056	0034641	
0040007
0008150	
0040011
0008150	
0042254
0008150	
0042393
0003674	
0042592
0008150	
0043167
0003674	
0043226
0005575	
0043473
0008150	
0044281
0008150	
0044403
0008150	
0048646
0008150	
0048856
0008150	
0048870
0040011	
0050877
0008150	
0051082
0003674	
0051276
0008150	
0051301
0008150	
0051604
0008150	
0055085
0006810	
0061024
0008150	
0065003
0022607	
0071554
0008150	
0071941
0008150	
0140014
0008150	
