2
1
3
2
4
3
5
4
6
4
7
6
8
7
9
8
10
9
11
9
12
11
13
12
14
12
15
12
16
11
17
16
18
9
19
18
20
8
21
20
22
6
23
22
24
23
25
24
26
23
27
26
28
26
29
28
30
6
31
30
32
30
33
32
34
33
35
34
36
34
37
36
38
34
39
3
40
39
41
40
42
39
43
42
44
43
45
39
46
45
47
45
48
45
49
48
50
49
51
50
52
51
53
52
54
51
55
54
56
54
57
54
58
51
59
50
60
59
61
60
62
50
63
62
64
49
65
64
66
64
67
66
68
66
69
68
70
66
71
70
72
70
73
49
74
73
75
48
76
75
77
76
78
77
79
78
80
76
81
80
82
81
83
81
84
80
85
84
86
84
87
80
88
87
89
87
90
87
91
76
92
75
93
92
94
92
95
94
96
94
97
96
98
96
99
96
100
75
101
3
102
1
103
102
104
102
105
102
106
1
