2
1
3
2
4
3
5
4
6
5
7
3
8
7
9
8
10
9
11
10
12
11
13
12
14
13
15
14
16
14
17
16
18
17
19
18
20
18
21
18
22
21
23
22
24
17
25
24
26
25
27
26
28
27
29
25
30
29
31
30
32
31
33
32
34
33
35
33
36
31
37
36
38
37
39
37
40
37
41
30
42
41
43
42
44
43
45
43
46
42
47
41
48
47
49
48
50
17
51
50
52
51
53
52
54
52
55
54
56
51
57
56
58
57
59
58
60
59
61
60
62
60
63
59
64
58
65
64
66
65
67
65
68
64
69
68
70
68
71
68
72
64
73
72
74
57
75
74
76
75
77
76
78
75
79
78
80
78
81
75
82
81
83
74
84
83
85
84
86
84
87
84
88
83
89
88
90
88
91
88
92
83
93
92
94
92
95
92
96
74
97
96
98
97
99
97
100
97
101
96
102
96
103
102
104
102
105
57
106
50
107
106
108
107
109
107
110
106
111
110
112
111
113
112
114
113
115
114
116
114
117
114
118
113
119
118
120
118
121
113
122
121
123
121
124
121
125
112
126
125
127
126
128
126
129
126
130
125
131
125
132
131
133
131
134
131
135
112
136
135
137
136
138
135
139
138
140
110
141
140
142
141
143
141
144
143
145
143
146
145
147
145
148
141
149
148
150
149
151
149
152
149
153
148
154
153
155
148
156
110
157
50
158
157
159
157
160
159
161
160
162
159
163
157
164
16
165
164
166
165
167
166
168
167
169
164
170
169
171
170
172
171
173
172
174
170
175
174
176
175
177
176
178
177
179
178
180
178
181
177
182
181
183
177
184
183
185
175
186
175
187
186
188
187
189
188
190
188
191
186
192
191
193
192
194
191
195
194
196
186
197
174
198
197
199
198
200
197
201
14
202
201
203
202
204
203
205
204
206
204
207
203
208
207
209
208
210
209
211
210
212
211
213
212
214
212
215
211
216
211
217
216
218
216
219
216
220
209
221
220
222
221
223
222
224
222
225
209
226
225
227
226
228
227
229
227
230
227
231
225
232
231
233
232
234
232
235
232
236
208
237
236
238
236
239
238
240
239
241
240
242
239
243
239
244
243
245
243
246
208
247
207
248
202
249
248
250
249
251
250
252
251
253
252
254
253
255
254
256
254
257
251
258
257
259
258
260
259
261
257
262
261
263
262
264
261
265
264
266
264
267
264
268
250
269
268
270
269
271
270
272
271
273
271
274
271
275
269
276
275
277
276
278
275
279
278
280
278
281
278
282
275
283
248
284
283
285
284
286
285
287
285
288
285
289
288
290
289
291
289
292
291
293
291
294
291
295
284
296
295
297
296
298
284
299
298
300
298
301
298
302
301
303
302
304
303
305
248
306
305
307
306
308
307
309
307
310
309
311
309
312
311
313
312
314
312
315
312
316
311
317
316
318
311
319
309
320
319
321
319
322
321
323
321
324
321
325
306
326
325
327
326
328
327
329
328
330
328
331
327
332
327
333
332
334
332
335
326
336
335
337
336
338
336
339
336
340
326
341
325
342
341
343
342
344
343
345
343
346
341
347
346
348
341
349
348
350
348
351
350
352
350
353
350
354
202
355
354
356
355
357
356
358
357
359
358
360
358
361
358
362
361
363
362
364
357
365
364
366
365
367
366
368
366
369
366
370
365
371
370
372
370
373
364
374
373
375
374
376
373
377
376
378
376
379
364
380
356
381
356
382
381
383
382
384
382
385
384
386
384
387
354
388
387
389
388
390
389
391
390
392
391
393
392
394
392
395
391
396
395
397
395
398
390
399
398
400
398
401
400
402
398
403
402
404
390
405
404
406
388
407
406
408
407
409
408
410
408
411
410
412
407
413
388
414
413
415
413
416
413
417
416
418
417
419
418
420
418
421
418
422
417
423
422
424
417
425
424
426
424
427
424
428
354
429
428
430
429
431
430
432
431
433
432
434
433
435
433
436
433
437
432
438
437
439
437
440
437
441
432
442
441
443
428
444
443
445
444
446
445
447
446
448
446
449
446
450
449
451
445
452
451
453
452
454
452
455
443
456
428
457
456
458
456
459
458
460
459
461
460
462
460
463
462
464
462
465
462
466
459
467
466
468
466
469
466
470
469
471
469
472
469
473
459
474
458
475
474
476
474
477
476
478
477
479
477
480
476
481
480
482
476
483
482
484
482
485
456
486
485
487
486
488
487
489
488
490
488
491
487
492
491
493
491
494
486
495
494
496
495
497
495
498
494
499
498
500
485
501
485
502
501
503
502
504
503
505
501
506
505
507
505
508
507
509
507
510
201
511
510
512
511
513
512
514
512
515
512
516
515
517
511
518
510
519
510
520
201
521
520
522
521
523
521
524
523
525
524
526
525
527
526
528
527
529
528
530
527
531
530
532
530
533
526
534
526
535
534
536
535
537
534
538
537
539
534
540
539
541
539
542
525
543
542
544
543
545
544
546
544
547
543
548
547
549
547
550
547
551
524
552
551
553
552
554
553
555
554
556
553
557
556
558
556
559
553
560
552
561
560
562
561
563
561
564
552
565
564
566
565
567
565
568
564
569
564
570
569
571
569
572
551
573
523
574
521
575
574
576
575
577
576
578
577
579
577
580
577
581
580
582
581
583
576
584
583
585
584
586
584
587
586
588
584
589
588
590
588
591
588
592
583
593
576
594
575
595
594
596
595
597
596
598
597
599
597
600
597
601
595
602
601
603
602
604
601
605
604
606
604
607
604
608
595
609
608
610
609
611
608
612
611
613
594
614
575
615
614
616
615
617
616
618
617
619
617
620
617
621
616
622
621
623
615
624
623
625
624
626
624
627
624
628
12
629
628
630
629
631
630
632
630
633
632
634
633
635
634
636
635
637
636
638
637
639
638
640
638
641
638
642
641
643
637
644
643
645
643
646
645
647
643
648
637
649
636
650
649
651
650
652
651
653
651
654
636
655
654
656
655
657
655
658
657
659
654
660
635
661
635
662
661
663
662
664
663
665
664
666
664
667
662
668
667
669
668
670
668
671
668
672
667
673
672
674
662
675
674
676
675
677
675
678
675
679
661
680
679
681
680
682
681
683
681
684
681
685
680
686
679
687
686
688
687
689
687
690
686
691
690
692
633
693
692
694
692
695
692
696
695
697
696
698
695
699
698
700
699
701
698
702
701
703
702
704
703
705
703
706
633
707
632
708
707
709
708
710
709
711
710
712
710
713
709
714
713
715
714
716
714
717
708
718
717
719
717
720
717
721
720
722
721
723
722
724
723
725
723
726
722
727
726
728
726
729
726
730
720
731
720
732
708
733
732
734
733
735
733
736
707
737
736
738
736
739
738
740
739
741
739
742
741
743
741
744
743
745
744
746
744
747
744
748
743
749
748
750
748
751
748
752
741
753
752
754
753
755
752
756
755
757
755
758
738
759
758
760
738
761
760
762
761
763
762
764
763
765
763
766
763
767
762
768
767
769
767
770
760
771
770
772
771
773
772
774
770
775
774
776
775
777
775
778
629
779
778
780
629
781
780
782
781
783
781
784
783
785
784
786
785
787
786
788
787
789
788
790
789
791
789
792
789
793
787
794
793
795
794
796
793
797
796
798
793
799
798
800
787
801
800
802
801
803
801
804
785
805
804
806
805
807
806
808
807
809
807
810
807
811
805
812
805
813
812
814
804
815
785
816
815
817
815
818
815
819
783
820
819
821
819
822
821
823
822
824
823
825
824
826
824
827
824
828
827
829
827
830
823
831
830
832
831
833
830
834
833
835
833
836
833
837
830
838
837
839
837
840
837
841
823
842
841
843
842
844
842
845
842
846
841
847
822
848
847
849
781
850
849
851
850
852
780
853
852
854
853
855
854
856
855
857
856
858
857
859
858
860
859
861
858
862
861
863
861
864
856
865
864
866
865
867
866
868
866
869
866
870
864
871
870
872
871
873
871
874
871
875
870
876
864
877
876
878
877
879
876
880
879
881
879
882
856
883
882
884
883
885
884
886
884
887
883
888
887
889
882
890
889
891
890
892
890
893
882
894
893
895
894
896
894
897
894
898
854
899
898
900
899
901
899
902
901
903
901
904
903
905
904
906
901
907
854
908
907
909
908
910
908
911
910
912
911
913
912
914
912
915
911
916
910
917
916
918
917
919
916
920
919
921
919
922
916
923
922
924
907
925
924
926
925
927
926
928
927
929
926
930
926
931
930
932
930
933
924
934
933
935
934
936
935
937
934
938
937
939
934
940
907
941
940
942
940
943
942
944
940
945
853
946
945
947
946
948
946
949
948
950
949
951
950
952
951
953
950
954
950
955
954
956
954
957
954
958
949
959
958
960
958
961
960
962
958
963
962
964
962
965
962
966
949
967
966
968
967
969
966
970
969
971
948
972
971
973
972
974
973
975
973
976
972
977
976
978
976
979
971
980
979
981
980
982
980
983
979
984
983
985
983
986
983
987
979
988
853
989
988
990
989
991
990
992
991
993
992
994
993
995
993
996
992
997
996
998
996
999
996
1000
991
1001
1000
1002
1001
1003
1001
1004
990
1005
1004
1006
1005
1007
1006
1008
1006
1009
1004
1010
1009
1011
1004
1012
990
1013
1012
1014
1013
1015
1014
1016
1013
1017
1016
1018
1016
1019
1013
1020
1019
1021
1019
1022
1012
1023
1012
1024
1023
1025
1024
1026
1024
1027
1023
1028
1027
1029
1027
1030
12
1031
1030
1032
1031
1033
1032
1034
1033
1035
1034
1036
1035
1037
1035
1038
1037
1039
1038
1040
1039
1041
1040
1042
1040
1043
1039
1044
1043
1045
1044
1046
1044
1047
1044
1048
1043
1049
1043
1050
1039
1051
1050
1052
1050
1053
1052
1054
1052
1055
1052
1056
1050
1057
1056
1058
1056
1059
1038
1060
1059
1061
1060
1062
1061
1063
1038
1064
1063
1065
1064
1066
1063
1067
1066
1068
1067
1069
1066
1070
1066
1071
1070
1072
1070
1073
1070
1074
1063
1075
1037
1076
1037
1077
1076
1078
1077
1079
1078
1080
1079
1081
1079
1082
1078
1083
1082
1084
1082
1085
1078
1086
1077
1087
1086
1088
1087
1089
1087
1090
1033
1091
1090
1092
1091
1093
1092
1094
1093
1095
1094
1096
1093
1097
1096
1098
1097
1099
1098
1100
1098
1101
1098
1102
1097
1103
1102
1104
1097
1105
1104
1106
1104
1107
1096
1108
1107
1109
1108
1110
1108
1111
1096
1112
1111
1113
1112
1114
1111
1115
1114
1116
1114
1117
1092
1118
1117
1119
1118
1120
1118
1121
1120
1122
1121
1123
1120
1124
1123
1125
1123
1126
1120
1127
1126
1128
1126
1129
1090
1130
1129
1131
1130
1132
1131
1133
1132
1134
1133
1135
1134
1136
1134
1137
1133
1138
1132
1139
1138
1140
1138
1141
1140
1142
1140
1143
1140
1144
1131
1145
1131
1146
1130
1147
1146
1148
1147
1149
1148
1150
1149
1151
1149
1152
1148
1153
1152
1154
1147
1155
1154
1156
1155
1157
1154
1158
1157
1159
1157
1160
1157
1161
1146
1162
1161
1163
1161
1164
1163
1165
1163
1166
1165
1167
1130
1168
1129
1169
1032
1170
1169
1171
1170
1172
1170
1173
1172
1174
1173
1175
1174
1176
1175
1177
1176
1178
1177
1179
1177
1180
1177
1181
1176
1182
1172
1183
1182
1184
1183
1185
1184
1186
1185
1187
1186
1188
1184
1189
1188
1190
1189
1191
1188
1192
1191
1193
1188
1194
1193
1195
1183
1196
1195
1197
1196
1198
1197
1199
1197
1200
1197
1201
1196
1202
1201
1203
1196
1204
1203
1205
1203
1206
1195
1207
1206
1208
1207
1209
1207
1210
1206
1211
1210
1212
1182
1213
1212
1214
1213
1215
1214
1216
1215
1217
1215
1218
1215
1219
1214
1220
1219
1221
1219
1222
1214
1223
1222
1224
1213
1225
1224
1226
1225
1227
1182
1228
1227
1229
1228
1230
1229
1231
1230
1232
1230
1233
1227
1234
1227
1235
1234
1236
1234
1237
1032
1238
1237
1239
1237
1240
1239
1241
1239
1242
1241
1243
1242
1244
1243
1245
1244
1246
1245
1247
1245
1248
1244
1249
1248
1250
1249
1251
1248
1252
1251
1253
1251
1254
1251
1255
1243
1256
1255
1257
1242
1258
1257
1259
1258
1260
1259
1261
1258
1262
1258
1263
1262
1264
1263
1265
1262
1266
1265
1267
1257
1268
1241
1269
1268
1270
1269
1271
1270
1272
1271
1273
1272
1274
1272
1275
1271
1276
1275
1277
1275
1278
1275
1279
1271
1280
1279
1281
1270
1282
1270
1283
1282
1284
1283
1285
1283
1286
1283
1287
1269
1288
1269
1289
1288
1290
1268
1291
1290
1292
1291
1293
1292
1294
1293
1295
1293
1296
1293
1297
1292
1298
1297
1299
1292
1300
1299
1301
1299
1302
1299
1303
1291
1304
1303
1305
1304
1306
1303
1307
1306
1308
1306
1309
1306
1310
1290
1311
1310
1312
1311
1313
1312
1314
1312
1315
1312
1316
1311
1317
1316
1318
1316
1319
1311
1320
1319
1321
1319
1322
1310
1323
1322
1324
1323
1325
1323
1326
1322
1327
1326
1328
1290
1329
1328
1330
1329
1331
1329
1332
1331
1333
1331
1334
1331
1335
1329
1336
1335
1337
1335
1338
1328
1339
1328
1340
1237
1341
1340
1342
1341
1343
1342
1344
1343
1345
1344
1346
1345
1347
1345
1348
1347
1349
1344
1350
1344
1351
1342
1352
1351
1353
1352
1354
1353
1355
1352
1356
1355
1357
1356
1358
1355
1359
1358
1360
1358
1361
1351
1362
1361
1363
1362
1364
1363
1365
1363
1366
1362
1367
1366
1368
1366
1369
1366
1370
1362
1371
1370
1372
1370
1373
1342
1374
1341
1375
1374
1376
1375
1377
1376
1378
1377
1379
1378
1380
1378
1381
1377
1382
1377
1383
1382
1384
1376
1385
1376
1386
1385
1387
1386
1388
1375
1389
1388
1390
1389
1391
1389
1392
1391
1393
1391
1394
1391
1395
1374
1396
1395
1397
1396
1398
1397
1399
1398
1400
1398
1401
1396
1402
1396
1403
1402
1404
1403
1405
1403
1406
1341
1407
1406
1408
1406
1409
1408
1410
1409
1411
1410
1412
1409
1413
1412
1414
1413
1415
1413
1416
1413
1417
1412
1418
1409
1419
1418
1420
1419
1421
1419
1422
1418
1423
1422
1424
1408
1425
1424
1426
1425
1427
1426
1428
1424
1429
1428
1430
1429
1431
1429
1432
1429
1433
1424
1434
1408
1435
1434
1436
1435
1437
1435
1438
1437
1439
1437
1440
1437
1441
1435
1442
1441
1443
1441
1444
1441
1445
1031
1446
1445
1447
1446
1448
1447
1449
1448
1450
1449
1451
1450
1452
1451
1453
1452
1454
1453
1455
1453
1456
1452
1457
1451
1458
1457
1459
1458
1460
1458
1461
1458
1462
1457
1463
1462
1464
1462
1465
1462
1466
1451
1467
1466
1468
1466
1469
1468
1470
1449
1471
1470
1472
1470
1473
1470
1474
1473
1475
1474
1476
1475
1477
1448
1478
1477
1479
1478
1480
1479
1481
1480
1482
1481
1483
1480
1484
1483
1485
1480
1486
1485
1487
1485
1488
1478
1489
1488
1490
1489
1491
1489
1492
1491
1493
1491
1494
1491
1495
1478
1496
1495
1497
1496
1498
1497
1499
1497
1500
1496
1501
1500
1502
1500
1503
1500
1504
1496
1505
1477
1506
1447
1507
1446
1508
1446
1509
1445
1510
1509
1511
1510
1512
1511
1513
1512
1514
1513
1515
1514
1516
1515
1517
1515
1518
1514
1519
1518
1520
1518
1521
1520
1522
1520
1523
1520
1524
1518
1525
1524
1526
1513
1527
1526
1528
1527
1529
1528
1530
1527
1531
1530
1532
1530
1533
1526
1534
1533
1535
1533
1536
1535
1537
1533
1538
1537
1539
1513
1540
11
1541
1540
1542
1540
1543
1542
1544
1543
1545
1544
1546
1544
1547
1546
1548
1547
1549
1548
1550
1549
1551
1550
1552
1550
1553
1549
1554
1548
1555
1554
1556
1555
1557
1555
1558
1557
1559
1557
1560
1559
1561
1560
1562
1560
1563
1560
1564
1557
1565
1564
1566
1565
1567
1565
1568
1564
1569
1568
1570
1568
1571
1554
1572
1554
1573
1547
1574
1573
1575
1574
1576
1575
1577
1576
1578
1576
1579
1578
1580
1578
1581
1580
1582
1580
1583
1576
1584
1583
1585
1584
1586
1583
1587
1586
1588
1586
1589
1586
1590
1583
1591
1575
1592
1591
1593
1592
1594
1593
1595
1592
1596
1595
1597
1575
1598
1597
1599
1598
1600
1599
1601
1599
1602
1598
1603
1597
1604
1597
1605
1604
1606
1574
1607
1606
1608
1607
1609
1607
1610
1609
1611
1610
1612
1610
1613
1609
1614
1613
1615
1613
1616
1606
1617
1616
1618
1617
1619
1618
1620
1617
1621
1620
1622
1620
1623
1616
1624
1616
1625
1573
1626
1546
1627
1546
1628
1544
1629
1628
1630
1542
1631
11
1632
9
1633
1632
1634
1633
1635
1632
1636
1635
1637
1636
1638
1637
1639
1637
1640
1639
1641
1640
1642
1639
1643
1642
1644
1635
1645
1635
1646
1632
1647
1646
1648
1647
1649
1648
1650
1649
1651
1649
1652
1651
1653
1652
1654
1652
1655
1654
1656
1651
1657
1656
1658
1656
1659
1656
1660
1659
1661
1660
1662
1661
1663
1662
1664
1662
1665
1664
1666
1665
1667
1666
1668
1666
1669
1666
1670
1665
1671
1670
1672
1665
1673
1672
1674
1672
1675
1664
1676
1662
1677
1676
1678
1676
1679
1678
1680
1679
1681
1676
1682
1681
1683
1682
1684
1681
1685
1684
1686
1684
1687
1647
1688
1687
1689
1688
1690
1689
1691
1688
1692
1691
1693
1692
1694
1693
1695
1694
1696
1694
1697
1696
1698
1697
1699
1697
1700
1699
1701
1699
1702
1701
1703
1702
1704
1702
1705
1702
1706
1696
1707
1706
1708
1706
1709
1708
1710
1709
1711
1710
1712
1709
1713
1712
1714
1712
1715
1712
1716
1708
1717
1708
1718
1717
1719
1717
1720
1719
1721
1719
1722
1717
1723
1696
1724
1691
1725
1724
1726
1725
1727
1726
1728
1727
1729
1727
1730
1727
1731
1726
1732
1731
1733
1731
1734
1733
1735
1734
1736
1735
1737
1736
1738
1736
1739
1735
1740
1739
1741
1735
1742
1741
1743
1741
1744
1734
1745
1744
1746
1745
1747
1745
1748
1744
1749
1744
1750
1733
1751
1750
1752
1751
1753
1752
1754
1751
1755
1754
1756
1754
1757
1754
1758
1733
1759
1758
1760
1759
1761
1760
1762
1760
1763
1759
1764
1759
1765
1764
1766
1764
1767
1725
1768
1767
1769
1725
1770
1769
1771
1770
1772
1771
1773
1772
1774
1773
1775
1774
1776
1774
1777
1774
1778
1769
1779
1778
1780
1779
1781
1780
1782
1780
1783
1782
1784
1782
1785
1784
1786
1784
1787
1784
1788
1780
1789
1788
1790
1789
1791
1779
1792
1791
1793
1779
1794
1793
1795
1794
1796
1795
1797
1794
1798
1797
1799
1797
1800
1793
1801
1800
1802
1801
1803
1801
1804
1793
1805
1724
1806
1805
1807
1805
1808
1807
1809
1808
1810
1809
1811
1810
1812
1808
1813
1812
1814
1813
1815
1814
1816
1815
1817
1815
1818
1814
1819
1818
1820
1818
1821
1818
1822
1814
1823
1813
1824
1823
1825
1824
1826
1824
1827
1812
1828
1808
1829
1828
1830
1829
1831
1829
1832
1807
1833
1832
1834
1833
1835
1834
1836
1835
1837
1835
1838
1837
1839
1834
1840
1839
1841
1840
1842
1840
1843
1839
1844
1843
1845
1843
1846
1843
1847
1839
1848
1833
1849
1848
1850
1833
1851
1850
1852
1851
1853
1852
1854
1852
1855
1851
1856
1855
1857
1855
1858
1855
1859
1851
1860
1859
1861
1859
1862
1859
1863
1850
1864
1863
1865
1864
1866
1850
1867
1866
1868
1866
1869
1868
1870
1868
1871
1868
1872
1832
1873
1872
1874
1873
1875
1874
1876
1875
1877
1875
1878
1875
1879
1874
1880
1879
1881
1879
1882
1872
1883
1882
1884
1882
1885
1805
1886
1885
1887
1886
1888
1887
1889
1888
1890
1888
1891
1890
1892
1891
1893
1891
1894
1888
1895
1894
1896
1887
1897
1885
1898
1885
1899
1898
1900
1898
1901
1900
1902
1901
1903
1902
1904
1903
1905
1903
1906
1902
1907
1901
1908
1907
1909
1908
1910
1908
1911
1907
1912
1911
1913
1911
1914
1911
1915
1907
1916
1915
1917
1915
1918
1901
1919
1900
1920
1919
1921
1920
1922
1921
1923
1921
1924
1921
1925
1691
1926
1925
1927
1926
1928
1927
1929
1928
1930
1929
1931
1930
1932
1931
1933
1932
1934
1931
1935
1934
1936
1934
1937
1934
1938
1931
1939
1938
1940
1938
1941
1938
1942
1930
1943
1929
1944
1929
1945
1944
1946
1945
1947
1946
1948
1946
1949
1946
1950
1945
1951
1950
1952
1945
1953
1952
1954
1952
1955
1952
1956
1944
1957
1956
1958
1957
1959
1957
1960
1957
1961
1956
1962
1961
1963
1926
1964
1963
1965
1964
1966
1965
1967
1965
1968
1967
1969
1968
1970
1969
1971
1969
1972
1969
1973
1968
1974
1973
1975
1973
1976
1968
1977
1976
1978
1976
1979
1967
1980
1979
1981
1980
1982
1980
1983
1967
1984
1983
1985
1984
1986
1984
1987
1983
1988
1987
1989
1987
1990
1965
1991
1990
1992
1991
1993
1992
1994
1992
1995
1991
1996
1995
1997
1995
1998
1995
1999
1963
2000
1999
2001
2000
2002
2000
2003
2000
2004
2003
2005
2004
2006
2005
2007
2004
2008
2007
2009
2007
2010
2007
2011
1999
2012
1999
2013
2012
2014
2013
2015
2014
2016
2015
2017
2014
2018
2017
2019
2012
2020
2019
2021
2020
2022
2020
2023
2022
2024
2022
2025
2022
2026
2020
2027
2019
2028
2027
2029
2027
2030
2029
2031
2019
2032
2031
2033
2032
2034
2032
2035
2031
2036
2035
2037
2035
2038
2031
2039
2038
2040
2012
2041
2040
2042
1963
2043
1926
2044
2043
2045
2044
2046
2045
2047
2043
2048
2043
2049
2048
2050
2049
2051
2049
2052
2051
2053
2052
2054
2051
2055
2051
2056
2055
2057
2056
2058
2056
2059
2056
2060
2055
2061
2048
2062
2061
2063
2062
2064
2063
2065
2064
2066
2063
2067
2066
2068
2066
2069
2063
2070
2069
2071
2069
2072
2069
2073
2062
2074
2073
2075
2074
2076
2073
2077
2076
2078
2076
2079
2076
2080
2073
2081
2080
2082
2080
2083
2080
2084
2061
2085
2084
2086
2085
2087
2085
2088
2087
2089
2061
2090
2089
2091
2089
2092
2091
2093
2092
2094
2092
2095
2092
2096
2091
2097
2089
2098
2097
2099
2098
2100
2097
2101
2100
2102
2100
2103
2100
2104
2048
2105
2104
2106
2104
2107
2106
2108
2104
2109
2108
2110
2108
2111
2110
2112
2110
2113
2112
2114
2112
2115
2112
2116
2110
2117
2116
2118
2108
2119
1925
2120
2119
2121
2120
2122
2121
2123
2122
2124
2123
2125
2124
2126
2125
2127
2124
2128
2127
2129
2127
2130
2127
2131
2123
2132
2121
2133
2132
2134
2133
2135
2134
2136
2135
2137
2133
2138
2133
2139
2121
2140
2120
2141
2140
2142
2140
2143
2142
2144
2143
2145
2143
2146
2143
2147
2142
2148
2147
2149
2147
2150
2147
2151
2150
2152
2142
2153
2152
2154
2153
2155
2154
2156
2153
2157
2156
2158
2153
2159
2158
2160
2152
2161
2160
2162
2161
2163
2160
2164
2160
2165
2152
2166
2165
2167
2166
2168
2166
2169
2165
2170
2169
2171
2165
2172
2171
2173
2140
2174
2120
2175
2174
2176
2175
2177
2176
2178
2174
2179
2178
2180
2179
2181
2180
2182
2181
2183
2181
2184
2181
2185
2179
2186
2185
2187
2186
2188
2185
2189
2188
2190
2188
2191
2188
2192
2185
2193
2192
2194
2192
2195
2178
2196
1687
2197
2196
2198
2197
2199
2198
2200
2198
2201
2197
2202
2201
2203
2202
2204
2201
2205
2204
2206
2205
2207
2205
2208
2207
2209
2208
2210
2209
2211
2209
2212
2211
2213
2212
2214
2211
2215
2214
2216
2211
2217
2209
2218
2217
2219
2218
2220
2218
2221
2218
2222
2217
2223
2222
2224
2217
2225
2224
2226
2224
2227
2224
2228
2208
2229
2228
2230
2229
2231
2229
2232
2231
2233
2231
2234
2229
2235
2228
2236
2228
2237
2236
2238
2237
2239
2208
2240
2239
2241
2207
2242
2241
2243
2242
2244
2243
2245
2244
2246
2244
2247
2242
2248
2247
2249
2248
2250
2248
2251
2248
2252
2247
2253
2252
2254
2242
2255
2254
2256
2255
2257
2241
2258
2207
2259
2205
2260
2201
2261
2260
2262
2261
2263
2262
2264
2263
2265
2263
2266
2265
2267
2266
2268
2267
2269
2267
2270
2267
2271
2266
2272
2271
2273
2271
2274
2265
2275
2274
2276
2275
2277
2275
2278
2275
2279
2265
2280
2262
2281
2261
2282
2281
2283
2281
2284
2283
2285
2284
2286
2285
2287
2286
2288
2286
2289
2286
2290
2285
2291
2290
2292
2290
2293
2290
2294
2283
2295
2283
2296
2295
2297
2296
2298
2297
2299
2297
2300
2297
2301
2296
2302
2301
2303
2301
2304
2296
2305
2295
2306
2305
2307
2305
2308
2307
2309
2261
2310
2197
2311
2310
2312
2196
2313
2312
2314
2313
2315
2314
2316
2313
2317
2316
2318
2316
2319
2318
2320
2319
2321
2320
2322
2321
2323
2322
2324
2322
2325
2324
2326
2324
2327
2321
2328
2327
2329
2321
2330
2329
2331
2329
2332
2331
2333
2331
2334
2331
2335
2329
2336
2335
2337
2335
2338
2320
2339
2338
2340
2339
2341
2340
2342
2340
2343
2338
2344
2343
2345
2344
2346
2344
2347
2343
2348
2347
2349
2347
2350
2343
2351
2350
2352
2350
2353
2350
2354
2338
2355
2354
2356
2355
2357
2355
2358
2355
2359
2320
2360
2359
2361
2360
2362
2361
2363
2361
2364
2359
2365
2364
2366
2364
2367
2366
2368
2366
2369
2366
2370
2359
2371
2370
2372
2371
2373
2319
2374
2373
2375
2374
2376
2374
2377
2318
2378
2377
2379
2378
2380
2378
2381
2378
2382
2381
2383
2382
2384
2316
2385
2313
2386
2312
2387
2386
2388
2387
2389
2388
2390
2389
2391
2390
2392
2391
2393
2391
2394
2393
2395
2394
2396
2394
2397
2393
2398
2397
2399
2397
2400
2397
2401
2393
2402
2401
2403
2401
2404
2389
2405
2404
2406
2405
2407
2406
2408
2406
2409
2408
2410
2406
2411
2410
2412
2196
2413
2412
2414
2413
2415
2414
2416
2415
2417
2415
2418
2415
2419
2418
2420
2419
2421
2419
2422
2421
2423
2422
2424
2421
2425
2421
2426
2425
2427
2426
2428
2426
2429
2426
2430
2418
2431
2430
2432
2431
2433
2432
2434
2433
2435
2433
2436
2414
2437
2436
2438
2437
2439
2438
2440
2437
2441
2436
2442
2413
2443
2412
2444
2443
2445
2444
2446
2444
2447
2446
2448
2446
2449
1647
2450
1646
2451
2450
2452
2451
2453
2452
2454
2453
2455
2454
2456
2454
2457
2456
2458
2457
2459
2458
2460
2459
2461
2459
2462
2459
2463
2462
2464
2463
2465
2464
2466
2462
2467
2466
2468
2467
2469
2467
2470
2466
2471
2470
2472
2466
2473
2472
2474
2462
2475
2474
2476
2474
2477
2476
2478
2474
2479
2478
2480
2458
2481
2480
2482
2481
2483
2482
2484
2483
2485
2483
2486
2483
2487
2482
2488
2482
2489
2488
2490
2481
2491
2490
2492
2490
2493
2492
2494
2492
2495
2480
2496
2495
2497
2496
2498
2497
2499
2497
2500
2497
2501
2496
2502
2501
2503
2501
2504
2495
2505
2504
2506
2505
2507
2505
2508
2505
2509
2495
2510
2509
2511
2510
2512
2509
2513
2512
2514
2480
2515
2514
2516
2514
2517
2516
2518
2517
2519
2516
2520
2516
2521
2520
2522
2520
2523
2520
2524
2457
2525
2457
2526
2525
2527
2526
2528
2527
2529
2528
2530
2529
2531
2529
2532
2528
2533
2532
2534
2532
2535
2532
2536
2528
2537
2536
2538
2527
2539
2538
2540
2539
2541
2539
2542
2539
2543
2538
2544
2543
2545
2526
2546
2545
2547
2546
2548
2547
2549
2545
2550
2549
2551
2550
2552
2549
2553
2552
2554
2552
2555
2545
2556
2555
2557
2556
2558
2526
2559
2558
2560
2559
2561
2559
2562
2561
2563
2559
2564
2563
2565
2563
2566
2563
2567
2558
2568
2567
2569
2568
2570
2568
2571
2568
2572
2567
2573
2572
2574
2572
2575
2454
2576
2575
2577
2576
2578
2576
2579
2578
2580
2579
2581
2580
2582
2581
2583
2582
2584
2580
2585
2584
2586
2580
2587
2586
2588
2586
2589
2578
2590
2589
2591
2589
2592
2591
2593
2589
2594
2593
2595
2594
2596
2575
2597
2596
2598
2597
2599
2598
2600
2597
2601
2600
2602
2601
2603
2602
2604
2602
2605
2604
2606
2604
2607
2602
2608
2607
2609
2607
2610
2601
2611
2601
2612
2611
2613
2612
2614
2612
2615
2612
2616
2611
2617
2616
2618
2611
2619
2618
2620
2618
2621
2618
2622
2600
2623
2622
2624
2623
2625
2624
2626
2624
2627
2624
2628
2622
2629
2628
2630
2629
2631
2629
2632
2628
2633
2632
2634
2632
2635
2628
2636
2622
2637
2636
2638
2637
2639
2637
2640
2600
2641
2640
2642
2641
2643
2642
2644
2641
2645
2644
2646
2644
2647
2641
2648
2647
2649
2640
2650
2649
2651
2650
2652
2596
2653
2596
2654
2653
2655
2654
2656
2655
2657
2656
2658
2657
2659
2657
2660
2656
2661
2655
2662
2655
2663
2654
2664
2663
2665
2654
2666
2665
2667
2666
2668
2667
2669
2667
2670
2667
2671
2666
2672
2665
2673
2672
2674
2673
2675
2672
2676
2675
2677
2675
2678
2672
2679
2678
2680
2678
2681
2678
2682
2653
2683
2682
2684
2683
2685
2684
2686
2685
2687
2683
2688
2687
2689
2688
2690
2687
2691
2683
2692
2691
2693
2692
2694
2691
2695
2694
2696
2682
2697
2696
2698
2697
2699
2698
2700
2698
2701
2698
2702
2696
2703
2702
2704
2703
2705
2703
2706
2703
2707
2702
2708
2707
2709
2702
2710
2709
2711
2709
2712
2653
2713
2712
2714
2713
2715
2714
2716
2714
2717
2716
2718
2716
2719
2716
2720
2714
2721
2720
2722
2720
2723
2720
2724
2713
2725
2724
2726
2725
2727
2725
2728
2713
2729
2728
2730
2729
2731
2729
2732
2729
2733
2728
2734
2733
2735
2733
2736
2733
2737
2728
2738
2712
2739
2738
2740
2739
2741
2739
2742
2741
2743
2741
2744
2741
2745
2739
2746
2745
2747
2745
2748
2738
2749
2748
2750
2748
2751
2750
2752
2750
2753
2712
2754
2575
2755
2453
2756
2755
2757
2755
2758
2757
2759
2758
2760
2758
2761
2758
2762
2755
2763
2452
2764
2763
2765
2764
2766
2765
2767
2766
2768
2766
2769
2768
2770
2769
2771
2769
2772
2771
2773
2772
2774
2772
2775
2774
2776
2774
2777
2774
2778
2772
2779
2778
2780
2769
2781
2780
2782
2781
2783
2782
2784
2782
2785
2768
2786
2785
2787
2786
2788
2787
2789
2788
2790
2788
2791
2787
2792
2785
2793
2766
2794
2793
2795
2794
2796
2794
2797
2796
2798
2797
2799
2797
2800
2799
2801
2799
2802
2799
2803
2796
2804
2803
2805
2804
2806
2804
2807
2804
2808
2803
2809
2808
2810
2808
2811
2803
2812
2811
2813
2811
2814
2811
2815
2796
2816
2815
2817
2816
2818
2816
2819
2816
2820
2794
2821
2793
2822
2821
2823
2822
2824
2823
2825
2823
2826
2823
2827
2826
2828
2826
2829
2826
2830
2822
2831
2830
2832
2831
2833
2831
2834
2831
2835
2830
2836
2830
2837
2836
2838
2836
2839
2836
2840
2822
2841
2840
2842
2841
2843
2841
2844
2840
2845
2844
2846
2840
2847
2846
2848
2821
2849
2793
2850
2849
2851
2850
2852
2851
2853
2852
2854
2852
2855
2850
2856
2855
2857
2856
2858
2856
2859
2856
2860
2855
2861
2860
2862
2860
2863
2850
2864
2849
2865
2864
2866
2865
2867
2866
2868
2866
2869
2865
2870
2869
2871
2865
2872
2871
2873
2871
2874
2849
2875
2874
2876
2875
2877
2876
2878
2876
2879
2874
2880
2879
2881
2880
2882
2880
2883
2880
2884
2879
2885
2884
2886
2884
2887
2879
2888
2874
2889
2888
2890
2889
2891
2889
2892
2888
2893
2892
2894
2892
2895
2888
2896
2895
2897
2895
2898
2895
2899
2765
2900
2899
2901
2900
2902
2901
2903
2902
2904
2903
2905
2904
2906
2903
2907
2906
2908
2906
2909
2906
2910
2903
2911
2910
2912
2910
2913
2902
2914
2913
2915
2914
2916
2914
2917
2914
2918
2913
2919
2918
2920
2902
2921
2920
2922
2921
2923
2921
2924
2921
2925
2920
2926
2925
2927
2900
2928
2899
2929
2899
2930
2929
2931
2930
2932
2931
2933
2932
2934
2933
2935
2933
2936
2930
2937
2929
2938
2937
2939
2937
2940
2939
2941
2940
2942
2765
2943
2942
2944
2943
2945
2944
2946
2945
2947
2944
2948
2947
2949
2947
2950
2947
2951
2950
2952
2951
2953
2764
2954
2953
2955
2954
2956
2955
2957
2955
2958
2957
2959
2958
2960
2959
2961
2959
2962
2961
2963
2961
2964
2958
2965
2964
2966
2965
2967
2964
2968
2967
2969
2967
2970
2967
2971
2958
2972
2955
2973
2972
2974
2973
2975
2973
2976
2975
2977
2976
2978
2975
2979
2978
2980
2978
2981
2973
2982
2954
2983
2982
2984
2763
2985
2984
2986
2985
2987
2986
2988
2986
2989
2988
2990
2988
2991
2990
2992
2991
2993
2992
2994
2991
2995
2994
2996
2995
2997
2995
2998
2995
2999
2994
3000
2999
3001
2999
3002
2999
3003
2994
3004
3003
3005
3003
3006
3003
3007
2991
3008
3007
3009
2988
3010
3009
3011
3010
3012
3011
3013
3012
3014
3012
3015
3012
3016
3011
3017
3010
3018
3017
3019
3018
3020
3018
3021
3018
3022
3010
3023
3022
3024
3022
3025
3024
3026
3024
3027
3024
3028
3009
3029
2985
3030
3029
3031
3030
3032
3031
3033
3032
3034
3033
3035
3034
3036
3034
3037
3034
3038
3033
3039
3038
3040
3038
3041
3033
3042
3032
3043
3042
3044
3043
3045
3043
3046
3043
3047
3042
3048
3032
3049
3048
3050
3049
3051
3049
3052
3049
3053
3048
3054
3048
3055
3031
3056
3055
3057
3056
3058
3057
3059
3057
3060
3057
3061
3030
3062
3061
3063
3062
3064
3063
3065
3064
3066
3064
3067
3064
3068
3063
3069
3068
3070
3068
3071
3063
3072
3062
3073
3062
3074
3073
3075
3074
3076
3074
3077
3073
3078
3077
3079
3077
3080
3073
3081
3080
3082
3080
3083
3080
3084
3030
3085
3084
3086
3085
3087
3085
3088
3087
3089
3088
3090
3088
3091
3088
3092
3087
3093
3092
3094
3087
3095
3094
3096
3094
3097
3084
3098
3097
3099
3098
3100
3099
3101
3084
3102
3101
3103
3102
3104
3103
3105
3102
3106
3102
3107
2984
3108
3107
3109
3108
3110
3109
3111
3110
3112
3111
3113
3112
3114
3112
3115
3114
3116
3114
3117
3110
3118
3117
3119
3110
3120
3107
3121
3120
3122
3121
3123
3120
3124
3107
3125
2763
3126
3125
3127
2451
3128
3127
3129
3127
3130
3129
3131
3130
3132
3131
3133
3131
3134
3133
3135
3134
3136
3135
3137
3135
3138
3137
3139
3138
3140
3139
3141
3138
3142
3141
3143
3138
3144
3135
3145
3144
3146
3134
3147
3146
3148
3147
3149
3147
3150
3149
3151
3149
3152
3151
3153
3151
3154
3146
3155
3154
3156
3146
3157
3156
3158
3157
3159
3158
3160
3158
3161
3158
3162
3156
3163
3162
3164
3163
3165
3163
3166
3134
3167
3166
3168
3166
3169
3168
3170
3169
3171
3166
3172
3171
3173
3172
3174
3173
3175
3173
3176
3173
3177
3172
3178
3172
3179
3178
3180
3178
3181
3171
3182
3131
3183
3182
3184
3183
3185
3184
3186
3185
3187
3186
3188
3187
3189
3187
3190
3186
3191
3190
3192
3190
3193
3184
3194
3193
3195
3193
3196
3195
3197
3196
3198
3193
3199
3198
3200
3199
3201
3199
3202
3199
3203
3198
3204
3203
3205
3184
3206
3205
3207
3205
3208
3207
3209
3183
3210
3209
3211
3210
3212
3210
3213
3212
3214
3213
3215
3213
3216
3212
3217
3210
3218
3217
3219
3218
3220
3218
3221
3218
3222
3217
3223
3217
3224
3223
3225
3209
3226
3182
3227
3226
3228
3182
3229
3228
3230
3130
3231
3230
3232
3231
3233
3232
3234
3233
3235
3233
3236
3235
3237
3236
3238
3237
3239
3236
3240
3239
3241
3239
3242
3236
3243
3242
3244
3242
3245
3235
3246
3233
3247
3232
3248
3247
3249
3247
3250
3249
3251
3250
3252
3250
3253
3252
3254
3252
3255
3252
3256
3250
3257
3249
3258
3257
3259
3258
3260
3249
3261
3260
3262
3260
3263
3262
3264
3262
3265
3230
3266
3265
3267
3266
3268
3265
3269
3268
3270
3269
3271
3270
3272
3270
3273
3270
3274
3273
3275
3274
3276
3274
3277
3274
3278
3273
3279
3278
3280
3278
3281
3268
3282
3268
3283
3282
3284
3283
3285
3284
3286
3285
3287
3285
3288
3285
3289
3282
3290
3282
3291
3290
3292
3290
3293
3292
3294
3293
3295
3293
3296
3292
3297
3296
3298
3296
3299
3292
3300
3299
3301
3265
3302
3301
3303
3302
3304
3303
3305
3304
3306
3305
3307
3305
3308
3305
3309
3304
3310
3309
3311
3302
3312
3301
3313
3312
3314
3313
3315
3314
3316
3315
3317
3315
3318
3313
3319
3318
3320
3318
3321
3320
3322
3320
3323
3320
3324
3301
3325
3324
3326
3325
3327
3326
3328
3327
3329
3326
3330
3329
3331
3329
3332
3329
3333
3326
3334
3333
3335
3333
3336
3333
3337
3325
3338
3325
3339
3338
3340
3339
3341
3338
3342
3341
3343
3341
3344
3341
3345
3324
3346
3345
3347
3345
3348
3347
3349
3348
3350
3348
3351
3347
3352
3351
3353
3351
3354
3351
3355
3324
3356
3355
3357
3356
3358
3357
3359
3357
3360
3130
3361
3360
3362
3361
3363
3362
3364
3360
3365
3360
3366
3365
3367
3366
3368
3367
3369
3368
3370
3369
3371
3370
3372
3370
3373
3370
3374
3368
3375
3374
3376
3375
3377
3375
3378
3374
3379
3367
3380
3379
3381
3379
3382
3381
3383
3382
3384
3367
3385
3365
3386
3129
3387
3129
3388
3387
3389
3387
3390
3389
3391
3390
3392
3391
3393
3392
3394
3393
3395
3394
3396
3395
3397
3395
3398
3394
3399
3393
3400
3399
3401
3400
3402
3399
3403
3402
3404
3402
3405
3390
3406
3405
3407
3406
3408
3407
3409
3408
3410
3408
3411
3410
3412
3410
3413
3408
3414
3413
3415
3413
3416
3413
3417
3405
3418
3417
3419
3418
3420
3418
3421
3420
3422
3420
3423
3422
3424
3422
3425
3420
3426
3425
3427
3417
3428
3427
3429
3428
3430
3429
3431
3429
3432
3429
3433
3428
3434
3433
3435
3428
3436
3427
3437
3436
3438
3437
3439
3437
3440
3436
3441
3389
3442
3441
3443
3441
3444
3443
3445
3443
3446
3445
3447
3446
3448
3447
3449
3448
3450
3447
3451
3450
3452
3450
3453
3447
3454
3446
3455
3445
3456
3455
3457
3456
3458
3457
3459
3456
3460
3459
3461
3459
3462
3455
3463
3462
3464
3463
3465
3462
3466
3455
3467
3466
3468
3467
3469
3443
3470
3469
3471
3470
3472
3471
3473
3472
3474
3471
3475
3474
3476
3470
3477
3476
3478
3477
3479
3477
3480
3477
3481
3389
3482
3481
3483
3481
3484
3483
3485
3484
3486
3485
3487
3483
3488
3483
3489
3127
3490
2450
